newpoint	210	1	1	0	17381.0	26074.0	132.0	17152	26005
newpoint	211	1	3	0	12991.0	5748.0	126.125	13394	5841
newpoint	212	1	1	0	13242.0	16569.0	132.0	13087	16349
newpoint	213	1	3	0	19439.0	22792.0	126.12500000000001	18373	21756
newpoint	214	1	1	0	14883.0	18948.0	298.0	14888	18909
point	214	2	1	1	14701.25169557917	18743.283695368325	504.5	14599	18787
point	213	2	3	1	19348.552525867588	22704.097951968874	126.12500000000001	18373	21756
point	212	2	1	1	13165.974133718819	16461.09231882671	132.0	13087	16349
point	211	2	3	1	13113.895089556983	5776.360405282381	126.125	13394	5841
point	210	2	1	1	17254.612592158282	26035.91820462411	132.0	17152	26005
newpoint	215	1	0	1	17275.0	22171.0	298.0	17202	22077
newpoint	216	1	0	1	13320.0	14972.0	298.0	13206	14968
newpoint	217	1	0	1	10594.0	7110.0	448.0	11042	7561
newpoint	218	1	0	1	14391.0	28368.0	298.0	14220	28470
newpoint	219	1	0	1	10939.0	18087.0	448.0	10929	18044
point	219	2	0	2	11113.589634662301	17705.119248269784	448.0	11306	17613
point	218	2	0	2	14178.467890693188	28380.254892845303	298.0	14099	28206
point	217	2	0	2	10909.724959339437	7427.83918897787	448.0	11042	7561
point	216	2	0	2	13028.28884422161	14920.57707921644	298.0	12850	14873
point	215	2	0	2	17030.59099293363	22025.483631756008	298.0	17019	22022
point	214	3	1	2	14237.268921846411	18941.375131838275	504.5	14203	18956
point	213	3	3	2	19258.105051735172	22616.195903937747	126.12500000000001	18373	21756
point	212	3	1	2	13089.94826743764	16353.184637653423	132.0	13087	16349
point	211	3	3	2	13236.790179113968	5804.720810564761	126.125	13394	5841
point	210	3	1	2	17155.470050704716	25980.413059536677	132.0	17269	25176
newpoint	220	1	1	2	3875.0	14083.0	298.0	3890	14195
newpoint	221	1	0	2	5657.0	16009.0	298.0	5503	15933
newpoint	222	1	1	2	14366.0	15437.0	298.0	14366	15322
newpoint	223	1	0	2	4634.0	17805.0	672.0	4744	17794
newpoint	224	1	0	2	6049.0	14978.0	672.0	6155	15151
point	224	2	0	3	6484.589600957987	15483.280290197394	672.0	6584	15570
point	223	2	0	3	5303.923851284557	17820.23314661561	672.0	5368	17826
point	222	2	1	3	14547.377142178446	15346.316952290459	298.0	14590	15352
point	221	2	0	3	5388.907173171116	15879.145953270658	298.0	5241	15822
point	220	2	1	3	3919.0169083859005	14374.770045951755	298.0	3919	14375
point	219	3	0	3	11517.591445391818	17511.504916438073	448.0	11552	17495
point	218	3	0	3	13940.585779405654	28226.62585512874	448.0	13856	28234
point	217	3	0	3	11220.716024193625	7750.2631993919385	448.0	11347	7884
point	216	3	0	3	12766.908429608546	14913.314603366425	298.0	12683	14864
point	215	3	0	3	16825.86440744248	21835.334973686553	298.0	17301	21374
point	214	4	1	3	13772.951406497963	19138.678981412442	504.5	13689	19174
point	213	4	3	3	19167.65757760276	22528.29385590662	126.12500000000001	18373	21756
point	212	4	1	3	12678.284682949541	16588.97779511193	504.5	12608	16620
point	211	4	3	3	13359.685268670952	5833.081215847143	126.125	13394	5841
point	210	4	1	3	17173.916911428594	25849.708379706786	132.0	17269	25176
newpoint	225	1	4	3	5684.0	20115.0	63.0625	5651	20112
newpoint	226	1	2	3	11488.0	10913.0	252.25	11463	10864
newpoint	227	1	5	3	12557.0	11325.0	31.53125	12565	11496
newpoint	228	1	0	3	2652.0	17498.0	298.0	2882	17574
newpoint	229	1	1	3	13241.0	18684.0	504.50000000000006	13312	18813
point	229	2	1	4	13434.119225111224	19148.117072642402	504.50000000000006	13437	19159
point	228	2	0	4	2936.299019031065	17586.718689142413	298.0	2993	17600
point	227	2	5	4	12558.473534512106	11356.496800196275	31.53125	12565	11496
point	226	2	2	4	11350.200425641482	10702.205045071869	252.25	11321	10661
point	225	2	4	4	5654.3048198935685	20082.256620957887	63.0625	5657	20058
point	224	3	0	4	6997.029934602559	15917.984614944287	672.0	7073	15982
point	223	3	0	4	5969.449265149893	17828.088884974124	672.0	6024	17849
point	222	3	1	4	14646.58748180616	15600.641965511912	298.0	14656	15642
point	221	3	0	4	5108.578148701046	15778.328963933323	298.0	4959	15729
point	220	3	1	4	3818.8745239070927	14648.872238661137	298.0	3827	14696
point	219	4	0	4	11723.90843258644	17223.73109099864	448.0	11748	17084
point	218	4	0	4	13494.585179811744	28268.87188368053	447.99999999999994	13402	28278
point	217	4	0	4	11583.363317595271	8001.725291973588	448.00000000000006	11629	8025
point	216	4	0	4	12524.492742844424	14751.398957925194	672.0	12490	14834
point	215	4	0	4	17039.664328803075	21627.745008548052	298.0	17301	21374
point	214	5	1	4	13422.624142001288	19104.691203115977	504.50000000000006	13410	19057
point	213	5	3	4	19077.210103470345	22440.391807875494	126.12500000000001	18373	21756
point	212	5	1	4	12204.320513400846	16719.422138497066	504.5	12094	16784
point	211	5	3	4	13393.269248577526	5931.905476955742	126.125	13389	6463
point	210	5	1	4	17192.363772152476	25719.0036998769	132.0	17269	25176
newpoint	230	1	1	4	9240.0	10454.0	298.0	9291	10506
newpoint	231	1	0	4	12676.0	17528.0	448.0	12767	17556
newpoint	232	1	0	4	12539.0	27475.0	298.0	12671	27497
newpoint	233	1	3	4	10616.0	13709.0	126.125	10572	13720
newpoint	234	1	0	4	13550.0	24921.0	298.0	13469	25173
point	234	2	0	5	13418.943651929954	25172.07790937766	448.0	13089	25166
point	233	2	3	5	10545.359362539575	13792.349859109663	126.125	10481	13852
point	232	2	0	5	12744.535455992005	27351.30647967305	298.0	12869	26906
point	231	2	0	5	12708.331513362666	17783.21608807849	298.0	12649	18013
point	230	2	1	5	9414.055262293454	10694.564140741213	298.0	9485	10803
point	229	3	1	5	13814.357420618402	19121.258158398356	504.5	13853	19105
point	228	3	0	5	3070.372216994933	17788.23577575188	298.0	3076	17817
point	227	3	5	5	12559.947069024212	11387.993600392552	31.53125	12565	11496
point	226	3	2	5	11157.078859393829	10778.608848092903	252.25	11052	10854
point	225	3	4	5	5651.657810427105	20019.71430806092	63.0625	5651	20015
point	224	4	0	5	7514.20526567475	16347.029447252728	672.0	7589	16407
point	223	4	0	5	6624.095770986274	17936.749878476618	672.0	6772	17941
point	222	4	1	5	14877.786533764996	15642.45272145547	504.5	14940	15596
point	221	4	0	5	4889.092482285022	15617.07434570498	298.0	4868	15572
point	220	4	1	5	3959.0103883941374	14908.512831659827	298.0	4051	15057
point	219	5	0	5	11883.305506440158	16823.94886401463	448.0	11892	16818
point	218	5	0	5	13048.556954392732	28310.84514444928	448.0	12865	28328
point	217	5	0	5	12000.185510423375	8163.224179854019	448.0	12023	8169
point	216	5	0	5	12250.208578617367	15364.834719541197	672.0	12242	15383
point	215	5	0	5	17253.464250163666	21420.15504340955	298.0	17301	21374
point	214	6	1	5	13210.65944390796	18650.87306630767	504.5	13143	18577
point	213	6	3	5	18986.762629337933	22352.48975984437	126.12500000000001	18373	21756
point	212	6	1	5	11805.677155719659	16904.809591177895	448.0	11773	17015
point	211	6	3	5	13392.2554147739	6058.0264021268595	126.125	13389	6463
point	210	6	1	5	17210.810632876357	25588.29902004701	132.0	17269	25176
newpoint	235	1	1	5	20899.0	17253.0	132.0	21029	17718
newpoint	236	1	1	5	11762.0	27996.0	198.00000000000003	11860	27952
newpoint	237	1	0	5	13014.0	26218.0	298.0	13059	26304
newpoint	238	1	5	5	10162.0	12317.0	31.531249999999996	10087	12362
newpoint	239	1	0	5	12914.0	15359.0	298.0	12839	15328
point	239	2	0	6	12635.567669405013	15252.93861081313	298.0	12596	15239
point	238	2	5	6	10134.962176186127	12333.222694288324	31.531249999999996	10087	12362
point	237	2	0	6	13044.411090204894	26449.132265139277	298.0	13011	26466
point	236	2	1	6	11726.77600339041	27923.10804892804	298.0	11694	27916
point	235	2	1	6	20934.54044480811	17380.125437198232	132.0	21029	17718
point	234	3	0	6	12971.00646378243	25164.742949482606	448.0	12779	25162
point	233	3	3	6	10452.447997070403	13877.638533242904	126.12500000000001	10432	13896
point	232	3	0	6	12824.752924137434	27064.306204752735	298.0	12869	26906
point	231	3	0	6	12571.886347856955	18061.735828154404	448.0	12524	18092
point	230	3	1	6	9336.369681998216	10882.198763049593	298.0	9097	11009
point	229	4	1	6	14278.585249900549	18923.742658502037	504.5	14599	18787
point	228	4	0	6	3676.0560765834484	17900.65330143953	672.0	3892	17932
point	227	4	5	6	12561.420603536319	11419.490400588827	31.53125	12565	11496
point	226	4	2	6	11110.794547332385	10961.950644282411	252.25	11235	11190
point	225	4	4	6	5634.983066103638	19958.940731362734	63.0625	5619	19903
point	224	5	0	6	8035.669512555964	16770.886471973023	672.0	8124	16842
point	223	5	0	6	7291.768775793444	18000.85419720771	672.0	7474	18015
point	222	5	1	6	15284.070147489305	15343.37563131919	504.5	15426	15241
point	221	5	0	6	4772.482090235552	15351.355255628892	298.0	4903	15218
point	220	5	1	6	4115.841047662289	15161.846273981588	298.0	4233	15378
point	219	6	0	6	12420.308455412485	16662.871549251977	672.0	12514	16662
point	218	6	0	6	12616.040560628311	28408.7309229645	448.0	12222	28565
point	217	6	0	6	12446.671714323313	8193.270574950646	448.0	12729	8219
point	216	6	0	6	11980.55816599639	15978.699502994314	672.0	11784	16295
point	215	6	0	6	17147.090334610468	21200.74802103523	298.0	16878	20900
point	214	7	1	6	12758.477806534924	18481.322711569006	504.49999999999994	12734	18479
point	213	7	3	6	18896.31515520552	22264.587711813245	126.12500000000001	18373	21756
point	212	7	1	6	11717.38134986685	17341.373002663007	448.00000000000006	11717	17349
point	211	7	3	6	13391.241580970274	6184.147327297977	126.125	13389	6463
point	210	7	1	6	17229.25749360024	25457.59434021712	132.0	17269	25176
newpoint	240	1	3	6	16371.0	28624.0	126.125	16557	28538
newpoint	241	1	0	6	10974.0	17897.0	448.0	10955	17941
newpoint	242	1	0	6	13123.0	13949.0	298.0	13137	13983
newpoint	243	1	3	6	7392.0	20152.0	126.125	7383	20139
newpoint	244	1	0	6	12389.0	15953.0	298.0	12413	15967
point	244	2	0	7	12375.03694249933	16232.711203986228	298.0	12608	16620
point	243	2	3	7	7317.208238378615	20050.453193005804	126.125	7250	19960
point	242	2	0	7	13244.163660664206	14158.063881801312	448.0	13194	14198
point	241	2	0	7	10360.041276502001	17869.972533840315	672.0	10254	17860
point	240	2	3	7	16485.480322338666	28571.068238058466	126.125	16557	28538
point	239	3	0	7	12357.185637833929	15147.046710441586	298.0	12350	15144
point	238	3	5	7	10107.924352372253	12349.445388576649	31.531249999999996	10087	12362
point	237	3	0	7	12789.596966493553	26363.12051010993	298.0	12741	26322
point	236	3	1	7	11452.434563497149	27975.785501382674	298.0	11404	28005
point	235	3	1	7	20970.080889616216	17507.250874396464	132.0	21029	17718
point	234	4	0	7	12523.033657346088	25160.027234353343	448.0	12260	25158
point	233	4	3	7	10379.674258629231	13978.643091625021	126.125	10329	14136
point	232	4	0	7	12810.376358463262	26785.919604138504	298.0	12600	26355
point	231	4	0	7	12269.644856000867	18177.473577030818	448.0	12319	18241
point	230	4	1	7	9120.706976485273	11048.317307996069	504.5	9463	11616
point	229	5	1	7	14742.553310322875	18725.61679799909	504.5	14984	18622
point	228	5	0	7	4249.079994385714	17976.663756167563	298.0	4277	18114
point	227	5	5	7	12562.894138048427	11450.987200785105	31.53125	12565	11496
point	226	5	2	7	11231.446394725124	11183.47534769203	252.25	11235	11190
point	225	5	4	7	5618.184606599432	19898.185296110933	63.0625	5598	19779
point	224	6	0	7	8556.26737634275	17195.806177623468	672.0	8652	17274
point	223	6	0	7	7901.471133179935	17822.711564154673	672.0	7931	17786
disappearpoint	222	5	1	7	15426.0	15241.0	0.0	15426	15241
point	221	6	0	7	4989.826175393822	15148.201870654286	298.0	5418	14804
point	220	6	1	7	4250.898753453313	15426.968287749629	298.0	4286	15523
point	219	7	0	7	13012.190780928264	16392.254619558065	672.0	13087	16349
point	218	7	0	7	12199.661135520662	28574.05363670528	448.0	11995	28657
point	217	7	0	7	12893.497772188095	8220.142345640195	448.0	13017	8221
point	216	7	0	7	11716.299727270876	16581.048138895112	672.0	11694	16656
point	215	7	0	7	16948.38546648846	20978.66610960475	298.0	16878	20900
point	214	8	1	7	12296.393002488647	18401.760871191847	448.0	12319	18241
point	213	8	3	7	18805.867681073105	22176.68566378212	126.12500000000001	18373	21756
point	212	8	1	7	11895.090710413004	17745.062058125644	448.0	12002	17946
point	211	8	3	7	13390.227747166648	6310.2682524690945	126.125	13389	6463
point	210	8	1	7	17247.70435432412	25326.88966038723	132.0	17269	25176
newpoint	245	1	0	7	11841.0	19530.0	298.0	11635	19437
newpoint	246	1	0	7	5894.0	19734.0	298.0	5877	19607
newpoint	247	1	0	7	9265.0	12389.0	298.0	9247	12398
newpoint	248	1	2	7	15239.0	16472.0	252.24999999999997	15375	16462
newpoint	249	1	0	7	10610.0	5222.0	298.0	10449	5102
point	249	2	0	8	10428.255993657389	5195.268377385364	298.0	10425	5389
point	248	2	2	8	15410.135662145085	16572.427857534498	252.25000000000003	15423	16613
point	247	2	0	8	9393.382698200805	12634.192372942362	298.0	9454	12732
point	246	2	0	8	6046.017763928828	19590.032965783208	298.0	6136	19581
point	245	2	0	8	11646.201235017315	19365.981512007773	298.0	11684	19271
point	243	3	3	8	7241.98405685184	19949.216647907833	126.12500000000001	7082	19734
point	242	3	0	8	12928.79945885313	14213.707243710567	298.0	12692	14109
point	241	3	0	8	9691.417601011226	17802.72163609522	672.0	9567	17790
point	240	3	3	8	16577.627038067978	28580.599317749082	126.125	16603	28633
point	239	4	0	8	12096.33554286182	15747.072021250819	672.0	12061	15835
point	238	4	5	8	10082.729292833214	12367.708802437235	31.53125	9989	12493
point	237	4	0	8	12636.929817068973	26430.644346487003	298.0	12869	26906
point	236	4	1	8	11214.431959135574	27864.4843299474	297.99999999999994	10923	27825
point	235	4	1	8	21005.621334424326	17634.376311594697	132.0	21029	17718
point	234	5	0	8	12075.092896618333	25153.640333533232	448.0	11973	25151
point	233	5	3	8	10341.012990081197	14098.696504484702	126.125	10329	14136
point	232	5	0	8	12679.639944454717	26518.12865945929	298.0	12600	26355
point	231	5	0	8	12551.098116991667	18459.96496240185	672.0	12734	18479
point	230	5	1	8	9381.21150631843	11480.356241353244	504.5	9463	11616
point	229	6	1	8	15219.66060818103	18573.43324784604	504.5	15301	18562
point	228	6	0	8	4265.61853319503	18271.443624135412	298.0	4265	18280
point	227	6	5	8	12564.367672560533	11482.48400098138	31.53125	12565	11496
point	226	6	2	8	11352.075892691664	11405.012015272956	252.25	11370	11438
point	225	6	4	8	5607.65460539154	19836.008146121472	63.0625	5598	19779
point	224	7	0	8	8548.646344075225	18090.891395866976	1008.9999999999999	8548	18096
point	223	7	0	8	8509.274076892336	17790.586008543592	672.0	8558	17796
point	244	3	0	8	12528.642519038613	16488.07237342284	298.0	12608	16620
point	221	7	0	8	5222.084443416022	14961.49328238013	298.0	5418	14804
point	220	7	1	8	4438.7877409034645	15645.375015225998	298.0	4497	15692
point	219	8	0	8	13627.324805512819	16131.908982927062	672.0	13749	16113
point	218	8	0	8	11781.426252029914	28734.237473717218	448.0	11660	28770
point	217	8	0	8	13340.69694341385	8243.540875255274	447.99999999999994	13444	8248
point	216	8	0	8	11451.123447573726	16877.83220995156	447.99999999999994	11303	16861
point	215	8	0	8	16749.874433126653	20756.41100264194	298.0	16588	20575
point	214	9	1	8	12098.928188274178	18105.23727569354	448.0	12081	18097
point	213	9	3	8	18715.420206940693	22088.783615750992	126.12500000000001	18373	21756
point	212	9	1	8	12127.251604851042	18113.722451854468	448.0	12218	18111
point	211	9	3	8	13389.21391336302	6436.389177640212	126.125	13389	6463
point	210	9	1	8	17266.151215047998	25196.184980557344	132.0	17269	25176
newpoint	250	1	1	8	5339.0	20361.0	298.0	5350	20077
newpoint	251	1	2	8	13999.0	13372.0	252.25	14030	13410
newpoint	252	1	0	8	16048.0	27961.0	298.0	16054	27972
newpoint	253	1	1	8	11391.0	4817.0	298.0	11419	4916
newpoint	254	1	2	8	14886.0	19593.0	252.24999999999997	14847	19622
point	254	2	2	9	14709.997738849646	19664.30736421246	252.24999999999997	14669	19633
point	253	2	1	9	11599.030193891771	4854.851032188571	298.0	11623	4850
point	252	2	0	9	15792.102733176096	28085.576063849097	298.0	15644	28145
point	251	2	2	9	14162.185309954333	13255.662247141358	252.25	14220	13188
point	250	2	1	9	5363.713237241375	20078.424751921182	298.0	5427	20085
point	249	3	0	9	10422.36757365227	5493.207774041206	298.0	10396	6537
point	248	3	2	9	15487.507462740672	16812.484008671774	252.24999999999997	15535	16938
point	247	3	0	9	9610.347753410086	12637.030513653648	298.0	9726	12566
point	246	3	0	9	6340.929892666217	19549.270473393142	298.0	6363	19544
point	245	3	0	9	11833.937048097483	19145.121096795254	298.0	11864	19120
point	243	4	3	9	7166.7397116289585	19847.995088262767	126.12500000000001	7082	19734
point	242	4	0	9	12711.119234336804	14022.963445484382	672.0	12720	13983
point	241	4	0	9	9089.033175120592	17573.903068509862	672.0	9042	17545
point	240	4	3	9	16632.79616170636	28694.016016349226	126.125	16640	28709
point	239	5	0	9	11763.592247137192	16329.012921438012	672.0	11763	16330
point	238	5	5	9	10063.84139435542	12392.956911626938	31.53125	9989	12493
point	237	5	0	9	12767.666231077517	26698.435291166217	298.0	12869	26906
point	236	5	1	9	10922.623442874574	27822.432565053907	198.0	10912	27750
point	235	5	1	9	21032.500051387564	17763.033994519985	132.0	21044	17911
point	234	6	0	9	11627.220153720085	25143.46252982935	448.0	11426	25135
point	233	6	3	9	10248.737644096393	14102.598895369307	126.12499999999999	10168	14069
point	232	6	0	9	12497.66442364238	26410.61000773131	298.0	12289	26524
point	231	6	0	9	13182.98273743121	18620.654621481015	672.0	13241	18684
point	230	6	1	9	9640.957858879983	11912.850632602078	504.49999999999994	9659	11943
point	229	7	1	9	15719.362519516662	18504.138145342575	504.5	15838	18490
point	228	7	0	9	4265.0	18569.42129664521	298.0	4265	18629
point	227	7	5	9	12547.021120180889	11496.881317638192	31.53125	12463	11501
point	226	7	2	9	11511.182263396238	11517.363522206093	252.25	11536	11511
point	225	7	4	9	5597.891214621526	19773.758522673525	63.0625	5587	19249
point	224	8	0	9	8654.717290265293	19088.821042525055	1009.0	8843	19730
point	223	8	0	9	8818.655404724557	17457.11000503131	448.0	8834	17418
point	244	4	0	9	12293.08142803808	16667.46452992893	672.0	12094	16784
point	221	8	0	9	5446.430615815949	14840.959800560733	298.0	5468	14869
point	220	8	1	9	4719.19698049278	15714.952763558398	298.0	4941	15728
point	219	9	0	9	14290.305676050331	16027.56746017826	672.0	14395	15968
point	218	9	0	9	11342.584957160576	28820.561688239908	448.0	11321	28824
point	217	9	0	9	13788.125242252734	8265.955318089507	448.0	13901	8271
point	216	9	0	9	11165.268598109278	17125.85039233187	448.0	11124	17201
point	215	9	0	9	16552.37642469332	20533.269526069318	298.0	16343	20288
point	214	10	1	9	11880.884747079934	17718.361693306862	448.0	11836	17634
point	213	10	3	9	18624.972732808277	22000.881567719865	126.12500000000001	18373	21756
point	212	10	1	9	12188.284697766332	18458.357052118936	447.99999999999994	12188	18465
point	211	10	3	9	13400.334917220867	6561.865666870905	126.125	13425	6777
point	210	10	1	9	17352.422076607618	25101.847043015452	132.0	17719	24776
newpoint	255	1	1	9	15035.0	28703.0	198.0	15062	28796
newpoint	256	1	0	9	9681.0	5224.0	198.0	9622	5453
newpoint	257	1	0	9	14454.0	20335.0	298.0	14586	20445
newpoint	258	1	2	9	11933.0	7808.0	198.0	11933	8147
newpoint	259	1	1	9	17202.0	22077.0	298.0	17019	22022
point	259	2	1	10	16924.373382027483	21974.657561302454	298.0	16819	21842
point	258	2	2	10	11933.0	8006.0	198.0	11933	8147
point	257	2	0	10	14529.953342192342	20558.043258967988	298.0	14527	20564
point	256	2	0	10	9631.600124508455	5415.738499789218	198.0	9622	5453
point	255	2	1	10	14973.539874654316	28845.07277026476	198.0	14925	28872
point	254	3	2	10	14653.477451374029	19433.503103066225	252.25	14675	19351
point	253	3	1	10	11891.091951533828	4795.657036851251	298.0	12215	4730
point	252	3	0	10	15546.282918712293	28227.79181851119	298.00000000000006	15552	28264
point	251	3	2	10	14339.8724253568	13077.177836389677	252.25	14620	12817
point	250	3	1	10	5381.790738671628	19855.61393149361	298.0	5373	19679
point	249	4	0	10	10414.842099837077	5791.112737484007	298.0	10396	6537
point	248	4	2	10	15581.501930778311	17046.504505149394	252.25	15586	17057
point	247	4	0	10	9849.546419707918	12467.293765511142	298.0	9852	12463
point	246	4	0	10	6514.025289474073	19397.81784038889	298.0	6722	19330
point	245	4	0	10	12070.12976724243	18985.174046551514	448.0	12136	18972
point	243	5	3	10	7091.495366406078	19746.773528617698	126.12500000000001	7082	19734
point	242	5	0	10	12579.725906053578	13579.68775144501	448.00000000000006	12492	13426
point	241	5	0	10	8625.259534254832	17485.35252733201	1008.9999999999999	8548	18096
point	240	5	3	10	16683.993708706123	28809.271783563556	126.125	16734	28920
point	239	6	0	10	11607.721668487391	16851.59193372188	448.0	11567	16891
point	238	6	5	10	10044.95349587763	12418.205020816638	31.53125	9989	12493
point	237	6	0	10	12850.959075721408	26970.546417974514	298.0	12734	27389
point	236	6	1	10	10806.427198427786	27733.4820232142	198.0	10798	27663
point	235	6	1	10	21042.728273820143	17894.637123152515	132.0	21044	17911
point	234	7	0	10	11198.04426372771	25135.33904345204	298.0	11126	25136
point	233	7	3	10	10132.229586939015	14054.294385741594	126.125	9988	13995
point	232	7	0	10	12294.776512070752	26584.240768737847	298.0	12303	26670
point	231	7	0	10	13274.62141098055	18822.418183161608	298.0	13241	18749
point	230	7	1	10	9900.486044093384	12345.47674015564	504.5	9935	12403
point	229	8	1	10	16222.997861638427	18494.405009858565	504.5	16275	18495
disappearpoint	228	7	0	10	4168.0	18650.0	0.0	4168	18650
point	227	8	5	10	12515.527685610292	11498.425113450476	31.53125	12463	11501
point	226	8	2	10	11762.398283987866	11500.767309198289	252.24999999999997	12067	11487
point	225	8	4	10	5596.58265208863	19710.709600633985	63.0625	5587	19249
point	224	9	0	10	8627.441032856936	19659.034084891173	672.0	8600	19650
point	223	9	0	10	9315.982835552843	17718.015528987667	672.0	9400	17752
point	244	5	0	10	11814.892383594546	16873.734985553274	448.0	11773	17015
disappearpoint	221	8	0	10	5444.0	14951.0	0.0	5444	14951
point	220	9	1	10	4908.867269664729	15659.332795447915	298.0	4868	15572
point	219	10	0	10	14844.869850020728	15667.030511984523	672.0	14940	15596
point	218	10	0	10	10936.740869245175	28313.203115485303	672.0	10746	28041
point	217	10	0	10	14057.12742815639	8624.31531870854	672.0	14065	8701
point	216	10	0	10	10955.029115151783	17521.432395319047	448.0	10777	17844
point	215	10	0	10	16358.896235474642	20306.62130441315	298.0	16343	20288
point	214	11	1	10	11593.71258431939	17484.39510568151	448.0	11552	17495
point	213	11	3	10	18534.525258675865	21912.97951968874	126.12500000000001	18373	21756
point	212	11	1	10	12134.06072468332	18882.21920629922	448.0	12116	18902
point	211	11	3	10	13414.700998716577	6687.169822139032	126.125	13425	6777
point	210	11	1	10	17451.08010667386	25014.151016289903	132.0	17719	24776
newpoint	260	1	1	10	11586.0	5251.0	298.0	11557	5318
newpoint	261	1	0	10	12201.0	18320.0	447.99999999999994	12191	18395
newpoint	262	1	1	10	11518.0	16564.0	198.0	11464	16589
newpoint	263	1	1	10	4887.0	17642.0	297.99999999999994	4887	17685
newpoint	264	1	1	10	13784.0	26785.0	298.00000000000006	13818	26767
point	264	2	1	11	13701.268910181969	26920.805062873133	298.0	13603	26968
point	263	2	1	11	5121.567021916886	17803.98727349899	504.49999999999994	5168	17808
point	262	2	1	11	11431.40186820128	16466.922776039683	198.0	11434	16462
point	261	2	0	11	12740.177436507493	18479.58618010655	672.0	12871	18492
point	260	2	1	11	11384.315719692666	5461.968760240883	298.0	11383	5463
point	257	3	0	11	14426.944981646853	20832.04829817227	298.0	14342	20966
point	256	3	0	11	9816.253427710399	5580.199211343864	298.0	9940	6003
point	255	3	1	11	14830.125998337775	28679.67039118814	298.0	14778	28574
point	254	4	2	11	14513.7694149595	19307.53784229343	252.25	14445	19289
point	253	4	1	11	12183.152208716563	4736.455633368264	298.0	12215	4730
point	252	4	0	11	15471.327895827624	28429.86274128146	298.0	15428	28448
point	251	4	2	11	14524.700048589726	12905.51301125049	252.25	14620	12817
point	250	4	1	11	5328.442202708373	19567.641684099915	298.0	5255	19436
point	249	5	0	11	10407.316626021884	6089.017700926808	298.0	10396	6537
point	248	5	2	11	15595.976787898815	17292.07955191153	252.25	15563	17613
point	247	5	0	11	10156.167659687424	12771.612766145707	672.0	10277	12973
point	246	5	0	11	6799.208158083807	19312.138411189568	298.0	6856	19299
point	245	5	0	11	12272.827270200714	18636.645481381598	448.0	12292	18433
point	243	6	3	11	7016.574654186966	19645.312309008998	126.125	6947	19551
point	242	6	0	11	12611.445195222572	13242.831509489188	448.0	12296	13086
point	241	6	0	11	8566.815474404362	18489.034354224463	1009.0	8584	18848
point	240	6	3	11	16735.879866090458	28924.229698703526	126.125	16770	29001
point	239	7	0	11	11248.681555696743	16973.956426354696	448.0	11124	17201
point	238	7	5	11	10026.065597399836	12443.45313000634	31.53125	9989	12493
point	237	7	0	11	12770.74160757598	27257.54669289483	298.0	12734	27389
disappearpoint	236	6	1	11	10798.0	27663.0	0.0	10798	27663
point	235	7	1	11	21031.686072940218	18025.929985891285	132.0	21029	18051
point	234	8	0	11	10918.935635708218	25028.627555106297	672.0	11196	24373
point	233	8	3	11	10015.577737025089	14006.337514110315	126.125	9988	13995
point	232	8	0	11	12501.420855063996	26598.54296439383	298.0	12589	26551
point	231	8	0	11	13150.522661963865	18946.512620288035	298.0	13088	19083
point	230	8	1	11	10160.049152706571	12778.08192117762	504.5	10277	12973
point	229	9	1	11	16719.560933739944	18552.99423000166	504.5	16825	18588
point	259	3	1	11	16726.91588807432	21931.746951724523	298.0	16622	22034
point	227	9	5	11	12484.034251039695	11499.96890926276	31.53125	12463	11501
point	226	9	2	11	12014.391025419489	11489.377806760702	252.24999999999997	12067	11487
point	225	9	4	11	5595.274089555734	19647.66067859445	63.0625	5587	19249
point	224	10	0	11	7964.585645065999	19572.287982535618	672.0	7935	19575
point	223	10	0	11	9974.256932058744	17831.641813093942	672.0	10056	17840
point	244	6	0	11	11718.999938534667	17309.00122930664	448.00000000000006	11717	17349
point	258	3	2	11	11911.738936852847	8201.285171307452	252.25	11828	8337
point	220	10	1	11	4784.535036192565	15389.190510479417	298.0	4765	15359
point	219	11	0	11	15386.600425803867	15269.419364993932	672.0	15426	15241
point	218	11	0	11	10674.663494568977	27712.307956551816	672.0	10666	27643
point	217	11	0	11	14022.191907271412	9293.904789381832	672.0	13986	9602
point	216	11	0	11	10743.726988395309	17913.019369221838	672.0	10573	17890
point	215	11	0	11	16130.144313095028	20116.23354379504	298.0	16027	20033
point	214	12	1	11	11186.830243121332	17670.054246536503	448.0	11047	17737
point	213	12	3	11	18444.077784543453	21825.077471657612	126.12500000000001	18373	21756
point	212	12	1	11	11941.253944493423	19080.402500812415	298.0	11864	19120
point	211	12	3	11	13429.19682184198	6812.458862093465	126.12500000000001	13474	7191
point	210	12	1	11	17549.738136740103	24926.454989564354	132.0	17719	24776
newpoint	265	1	1	11	13135.0	27104.0	198.0	13211	27265
newpoint	266	1	0	11	8276.0	8383.0	298.0	8189	8497
newpoint	267	1	3	11	13460.0	26673.0	126.125	13460	26630
newpoint	268	1	2	11	15301.0	18562.0	252.25	15052	18597
newpoint	269	1	3	11	7681.0	20575.0	126.12499999999999	7669	20502
point	269	2	3	12	7660.867289021095	20450.49283046693	126.125	7651	20388
point	268	2	2	12	15051.247079516865	18597.276809001152	252.24999999999997	14984	18622
point	267	2	3	12	13476.75796305833	26549.019071308452	126.125	13478	26513
point	266	2	0	12	8094.981097364168	8619.719409756244	298.0	8094	8621
point	265	2	1	12	13237.754050350462	27251.32570759865	298.0	13346	27196
point	263	3	1	12	5059.957837852845	18055.943423384237	298.0	5045	18095
point	262	3	1	12	11621.605972341325	16425.459344511142	197.99999999999997	11669	16452
point	261	3	0	12	13291.241121093395	18775.283163676733	672.0	13312	18813
point	260	3	1	12	11461.459822886578	5712.474978456016	298.0	11367	5763
point	257	4	0	12	14051.78445177384	20845.29087817142	672.0	14003	20825
point	256	4	0	12	9899.961256185072	5866.2009586323275	298.0	9940	6003
point	255	4	1	12	14698.275089831594	28412.426458934766	298.0	14501	28012
point	254	5	2	12	14285.871347995826	19249.992918634765	252.25	14240	19285
point	253	5	1	12	12278.368975641139	4480.058020065644	448.0	12475	4352
point	252	5	0	12	15407.848141161716	28197.781086091312	298.0	15392	28001
point	251	5	2	12	14712.646872373336	12737.416627206398	252.25	14931	12554
point	250	5	1	12	5376.891440140813	19353.373641355927	298.0	5517	19259
point	249	6	0	12	10399.791152206692	6386.92266436961	298.0	10396	6537
point	248	6	2	12	15570.19213417776	17543.008255196917	252.25	15563	17613
point	247	6	0	12	10559.023476599268	13304.822585122942	672.0	10701	13426
point	246	6	0	12	7069.217708989622	19191.07555650183	298.0	7103	19169
point	245	6	0	12	12288.590984233857	18201.85968267724	448.0	12218	18111
point	243	7	3	12	6943.285390940742	19542.882891314955	126.125	6893	19433
point	242	7	0	12	12224.473945506206	13024.6458144302	448.0	12203	12993
point	241	7	0	12	8767.033965889617	19471.304856813294	1009.0	8843	19730
point	240	7	3	12	16784.992356338866	29040.354935389525	126.12499999999999	16818	29127
point	239	8	0	12	11036.359741457047	17368.42311459585	448.00000000000006	10979	17478
point	238	8	5	12	10007.177698922045	12468.701239196043	31.53125	9989	12493
point	237	8	0	12	12877.5363059555	27314.96059550994	298.0	12923	27291
point	264	3	1	12	13592.701398619573	27072.466713277692	298.0	13507	27115
point	235	8	1	12	20998.84029446215	18153.438999844082	132.0	20971	18248
point	234	9	0	12	11180.52021730767	24409.630376866007	672.0	11196	24373
point	233	9	3	12	9892.081388045215	14003.648399438547	126.125	9866	14006
disappearpoint	232	8	0	12	12589.0	26551.0	0.0	12589	26551
disappearpoint	231	8	0	12	13088.0	19083.0	0.0	13088	19083
point	230	9	1	12	10449.771497766045	13188.1818714325	504.5	10544	13292
point	229	10	1	12	17210.95941189734	18649.453393448846	504.5	17431	18606
point	259	4	1	12	16435.05551279975	21873.117028371224	504.49999999999994	16413	21855
point	227	10	5	12	12452.593816269886	11499.830074018508	31.531249999999996	12294	11482
point	226	10	2	12	12266.538918439013	11482.604869637908	252.25	12294	11482
point	225	10	4	12	5593.965527022838	19584.611756554914	63.0625	5587	19249
disappearpoint	224	10	0	12	7855.0	19553.0	0.0	7855	19553
point	223	11	0	12	10292.126066070583	17471.041866823572	672.0	10313	17271
point	244	7	0	12	11879.866472904727	17716.447828592016	448.0	12002	17946
point	258	4	2	12	11762.394729000129	8402.605270999871	252.25	11281	8884
point	220	11	1	12	4953.462643548951	15177.433913729581	298.0	5418	14804
point	219	12	0	12	15893.932951208271	14842.9539690418	672.0	15937	14751
point	218	12	0	12	10590.478578244587	27045.614047995972	672.0	10544	26692
point	217	12	0	12	13930.21551854452	9959.4597168469	672.0	13868	10359
point	216	12	0	12	10546.908599465845	18110.057576966672	298.0	10472	18718
point	215	12	0	12	15882.113187849487	19953.09272784426	298.0	15862	19942
point	214	13	1	12	10879.18117858612	17923.110165733804	504.50000000000006	10866	17920
point	213	13	3	12	18353.82558148941	21736.976561162723	126.125	18246	21630
point	212	13	1	12	11702.078700978684	19255.57993151818	298.0	11684	19271
point	211	13	3	12	13444.021187592803	6937.709625784094	126.12500000000001	13474	7191
point	210	13	1	12	17648.396166806346	24838.758962838805	132.0	17719	24776
newpoint	270	1	0	12	6136.0	19581.0	298.0	6296	19560
newpoint	271	1	0	12	17019.0	22022.0	298.0	16993	22010
newpoint	272	1	2	12	19002.0	9423.0	132.0	19031	9892
newpoint	273	1	0	12	12907.0	12788.0	298.0	12979	12793
newpoint	274	1	0	12	15289.0	26776.0	298.0	15245	26210
point	274	2	0	13	15265.903606091759	26478.89638745307	298.0	15245	26210
point	273	2	0	13	13059.748638089262	12582.103556990396	298.0	13149	12349
point	272	2	2	13	19010.146488104117	9554.748376580395	132.0	19031	9892
point	271	2	0	13	16803.48063195869	21857.12547545143	298.0	16622	22034
point	270	2	0	13	6427.996543718382	19525.436561297312	298.0	6517	19490
point	266	3	0	13	7914.856787045375	8857.117219062171	298.0	7883	8899
point	265	3	1	13	13503.614902883466	27116.712003139397	298.0	13507	27115
point	263	4	1	13	4972.150557881779	18340.48810320195	298.0	4967	18358
point	262	4	1	13	11758.08993074982	16444.650224044697	504.5	11762	16432
point	261	4	0	13	13610.989759213375	19229.91102542727	672.0	13631	19222
point	260	4	1	13	11272.291406643637	5877.658832411702	298.0	11433	6241
point	257	5	0	13	13426.984587117873	20597.909031468054	672.0	13308	20551
point	256	5	0	13	9937.438666804095	6158.440908326495	298.0	9924	6974
point	255	5	1	13	14566.57691760751	28145.107190207586	298.0	14501	28012
point	254	6	2	13	14086.782023702632	19404.885552805074	252.25	14079	19411
point	253	6	1	13	12674.147423174645	4422.071295484632	448.0	12826	4484
point	252	6	0	13	15383.770967843166	27900.755426453103	298.0	15370	27733
point	251	6	2	13	14905.795924516515	12575.171423406127	252.25	14931	12554
point	250	6	1	13	5436.168045514133	19159.625912120817	298.0	5373	19100
point	249	7	0	13	10294.408337992605	6644.452719430899	298.0	10292	6647
point	248	7	2	13	15566.637066756231	17794.85333781156	252.25	15567	17813
point	247	7	0	13	10988.78732148701	13795.856975394932	672.0	11003	13943
point	246	7	0	13	7302.203080360936	19009.22987664264	298.0	7375	18969
point	245	7	0	13	12158.115698032727	17901.937451539212	298.0	12140	17796
point	243	8	3	13	6891.593968982288	19427.907887665584	126.12499999999999	6856	19299
point	242	8	0	13	12010.246580399998	12631.411468341603	448.0	11929	12479
point	241	8	0	13	8403.842989771227	19590.66962705674	298.0	8370	19113
point	240	8	3	13	16787.625776304532	29140.904897901866	126.12499999999999	16285	29371
point	239	9	0	13	10822.28829964573	17761.942981830016	448.0	10777	17844
point	238	9	5	13	9988.390014178118	12491.98335696353	31.53125	9935	12403
point	237	9	0	13	13158.694802342083	27290.98944126503	298.0	13191	27275
point	264	4	1	13	13326.324644709965	27206.056292703797	298.0	13211	27265
point	235	9	1	13	20962.958306086435	18280.444075444386	132.0	20826	18833
point	234	10	0	13	11448.358959473502	23793.319673032718	672.0	11455	23778
point	233	10	3	13	9791.954810240302	14073.107922206636	126.125	9690	14161
point	269	3	3	13	7641.48964050494	20325.865651298944	126.125	7636	20290
point	268	3	2	13	14818.035151102356	18693.2237813083	252.25	14737	18728
point	230	10	1	13	10818.53231971933	13531.423654485716	504.5	10922	13624
disappearpoint	229	10	1	13	17431.0	18606.0	0.0	17431	18606
point	259	5	1	13	15993.858809756777	21631.890950710174	504.49999999999994	15926	21601
point	227	11	5	13	12421.259968320312	11496.307333716484	31.531249999999996	12294	11482
point	226	11	2	13	12517.651941337284	11498.32098326778	252.25	12565	11496
point	225	11	4	13	5592.656964489942	19521.56283451538	63.0625	5587	19249
point	267	3	3	13	13560.156723106447	26476.04741275125	126.125	13707	26410
point	223	12	0	13	10319.424251409502	16804.878827670655	672.0	10305	16741
point	244	8	0	13	12096.958274024582	18104.33217995724	448.0	12118	18114
point	258	5	2	13	11584.027043445822	8580.972956554178	252.25	11281	8884
point	220	12	1	13	5185.72091157115	14990.725325455425	298.0	5418	14804
point	219	13	0	13	15976.872326255541	14331.872326255541	448.0	15936	14291
point	218	13	0	13	10502.994483048664	26379.332933246063	672.0	10496	26326
point	217	13	0	13	13863.683711394848	10626.609893519424	672.0	13858	10979
point	216	13	0	13	10510.465654420479	18405.82084675591	298.0	10472	18718
point	215	13	0	13	15621.759296197532	19808.110912110085	298.0	15609	19801
point	214	14	1	13	10377.672107132275	17871.63060568642	504.5	10254	17860
point	213	14	3	13	18264.289932801006	21648.1459175821	126.125	18246	21630
disappearpoint	212	13	1	13	11684.0	19271.0	0.0	11684	19271
point	211	14	3	13	13458.845553343626	7062.960389474723	126.12500000000001	13474	7191
point	210	14	1	13	17747.057330235377	24751.06646159245	132.0	18213	24337
newpoint	275	1	0	13	12853.0	21033.0	197.99999999999997	12833	20936
newpoint	276	1	0	13	8802.0	19982.0	672.0	8841	19915
newpoint	277	1	2	13	16439.0	13189.0	252.25000000000003	16381	13140
newpoint	278	1	0	13	12203.0	20950.0	298.0	12368	20984
newpoint	279	1	1	13	5684.0	20115.0	298.0	5920	20141
point	279	2	1	14	5922.814265280955	20080.493296459477	298.0	5926	20012
point	278	2	0	14	12390.958161888539	20870.860016123785	298.0	12603	20869
point	277	2	2	14	16281.742709918315	13024.862712147818	252.25	16116	13049
point	276	2	0	14	8452.5687124325	19617.489510946652	672.0	8405	19607
point	275	2	0	14	12784.899181555898	20869.0	298.0	12739	20869
point	272	3	2	14	19018.292976208235	9686.496753160789	132.0	19031	9892
point	271	3	0	14	16687.30950405145	22110.436308445398	672.0	16892	22350
point	270	3	0	14	6600.00405919994	19369.781285043497	298.0	6722	19330
point	266	4	0	14	7734.3318901367875	9094.213733044686	298.0	7669	9180
point	265	4	1	14	13779.24434796944	27074.312272922998	298.0	13996	26992
disappearpoint	263	4	1	14	4906.0	18529.0	0.0	4906	18529
point	262	5	1	14	11967.446574793723	15999.79861527447	504.5	12045	15875
point	261	5	0	14	14218.522157406289	18949.375644945296	672.0	14599	18787
point	260	5	1	14	11392.834199047393	6150.190363063671	298.0	11433	6241
point	257	6	0	14	12935.380037023378	20179.586242764683	672.0	12780	20082
point	256	6	0	14	9932.528931656223	6456.400460112938	298.0	9924	6974
point	255	6	1	14	14706.62922590917	27920.850369517833	448.0	14880	27844
point	254	7	2	14	13887.130490369847	19559.047885459724	252.25	13782	19641
point	253	7	1	14	13049.330553978345	4656.36921956729	448.0	13192	4781
point	252	7	0	14	15385.10290726059	27607.51093224206	448.0	15534	27539
point	251	7	2	14	15106.451090186189	12422.691997683904	252.25	15205	12345
point	250	7	1	14	5232.211408907677	18943.710384959562	298.0	5169	18858
point	249	8	0	14	10210.76090659756	6924.6543958535485	298.0	10214	7119
point	248	8	2	14	15336.91565920569	17856.172558427188	252.25	15114	17898
point	247	8	0	14	11074.679545727962	14462.245456611274	672.0	11090	14578
point	246	8	0	14	7304.600683232608	18745.84789203682	447.99999999999994	7267	18692
point	245	8	0	14	12107.689767518908	17608.2348753929	298.0	12087	17488
point	243	9	3	14	6858.024601985727	19306.332342326685	126.12499999999999	6856	19299
point	242	9	0	14	11798.983266890364	12236.352492277945	448.0	11757	12158
point	241	9	0	14	8382.782422681345	19293.414765845264	298.0	8370	19113
point	240	9	3	14	16672.946217925964	29193.40360755359	126.12499999999999	16285	29371
point	239	10	0	14	10334.260599626772	17867.54801877368	672.0	10254	17860
point	238	10	5	14	9972.167319889793	12464.945533149656	31.53125	9935	12403
point	237	10	0	14	13143.043844662876	27121.040249877933	198.0	13135	27104
point	264	5	1	14	13056.999365642625	27317.165556604774	298.0	12923	27291
point	235	10	1	14	20931.201331466254	18408.567042015464	132.0	20826	18833
point	234	11	0	14	11708.225378422509	23173.60345732542	672.0	11906	22694
point	233	11	3	14	9696.42647883343	14155.459932040147	126.125	9690	14161
point	269	4	3	14	7642.056572598365	20200.36272554419	126.12499999999999	7646	20142
point	268	4	2	14	14586.137739962958	18792.48919683399	252.25	14203	18956
point	230	11	1	14	11006.861351755588	13971.960138166902	504.50000000000006	11021	14078
point	274	3	0	14	15242.61455809028	26181.808413794202	298.0	15223	25950
point	259	6	1	14	15527.059948866636	21440.705723431667	504.5	15382	21382
point	227	12	5	14	12389.926120370737	11492.784593414463	31.531249999999996	12294	11482
point	226	12	2	14	12765.049560442476	11457.839496818817	252.25	12800	11456
point	225	12	4	14	5591.348401957046	19458.513912475843	63.0625	5587	19249
point	267	4	3	14	13675.18221949675	26424.311054112815	126.125	13707	26410
point	223	13	0	14	10188.403419388818	16284.022795925452	448.00000000000006	10183	16248
point	244	9	0	14	12189.672518656542	18425.974564680688	447.99999999999994	12188	18465
point	258	6	2	14	11405.659357891516	8759.340642108484	252.25	11281	8884
point	220	13	1	14	5417.979179593349	14804.01673718127	298.0	5418	14804
point	219	14	0	14	15684.850655776312	13993.443123977047	448.0	15583	13881
point	218	14	0	14	10614.563003707884	25740.698764236655	672.0	10623	25720
point	217	14	0	14	13920.204306632622	11171.245705574027	298.0	14045	11256
point	216	14	0	14	10474.022709375113	18701.584116545146	298.0	10472	18718
point	215	14	0	14	15767.36434356087	19565.98442165624	298.0	15828	19476
point	214	15	1	14	10291.032076247162	17481.525935964703	504.5	10313	17271
point	213	15	3	14	18314.19314048617	21556.36591745376	126.125	18810	21021
point	273	3	0	14	13101.49158898015	12339.921983699305	298.0	12915	12308
point	211	15	3	14	13473.66991909445	7188.211153165352	126.12500000000001	13474	7191
point	210	15	1	14	17845.7263793802	24663.38283289897	132.0	18213	24337
newpoint	280	1	1	14	17572.0	23118.0	504.5	17368	22896
newpoint	281	1	0	14	17918.0	10794.0	448.0	17744	10900
newpoint	282	1	0	14	12658.0	8823.0	298.0	12684	8820
newpoint	283	1	0	14	17924.0	11350.0	447.99999999999994	17794	11404
newpoint	284	1	0	14	11548.0	18431.0	198.00000000000003	11505	18470
point	284	2	0	15	11391.47291929874	18521.537285023474	198.0	11357	18569
point	283	2	0	15	17680.288073385225	11633.197628108564	672.0	17647	11647
point	282	2	0	15	12757.0	9063.259138563011	298.0	12757	9111
point	281	2	0	15	17543.340266737185	11018.69824741338	448.0	17258	11084
point	280	2	1	15	17235.38943394823	22742.29964482297	504.5	17168	22665
point	278	3	0	15	12603.0	20675.179856571252	672.0	12603	20538
point	277	3	2	15	16062.46006905615	13114.708097067452	252.25000000000003	15984	13211
point	276	3	0	15	7822.417600643743	19671.83877210304	672.0	7778	19721
point	275	3	0	15	12582.379591852423	21128.87575501921	672.0	12578	21152
point	272	4	2	15	19026.439464312356	9818.245129741184	132.0	19031	9892
point	271	4	0	15	16783.590551293084	22465.308231806448	298.0	16672	22584
point	270	4	0	15	6885.438521726194	19286.095442530983	298.0	7002	19235
point	266	5	0	15	7972.233777456285	9483.233777456284	672.0000000000001	8102	9613
point	265	5	1	15	14054.465438792377	26961.07263020403	298.0	14134	26919
point	279	3	1	15	5901.036304893097	19783.994797924635	298.0	5894	19734
point	262	6	1	15	12177.969507261061	15543.076231847346	504.5	12242	15383
point	261	6	0	15	14836.466489213835	18685.3139762888	672.0	14984	18622
point	260	6	1	15	11626.69734317454	6285.324334822549	298.0	11870	6341
disappearpoint	257	6	0	15	12517.0	19916.0	0.0	12517	19916
point	256	7	0	15	9927.619196508353	6754.360011899381	298.0	9924	6974
point	255	7	1	15	14826.240794205964	27591.295161879738	448.0	14733	27153
point	254	8	2	15	13680.116024133777	19657.885875307144	252.24999999999997	13465	19572
point	253	8	1	15	13379.279982821728	4959.185046117809	448.0	13553	5074
point	252	8	0	15	15791.399267258128	27418.766254645314	448.0	15863	27385
point	251	8	2	15	15308.57278314771	12271.920726611514	252.25	15402	12206
point	250	8	1	15	5078.832436141632	18689.054459296953	298.0	5074	18680
point	249	9	0	15	10121.312830982346	7072.656415491173	298.0	9924	6974
point	248	9	2	15	15089.556115149553	17905.063825351794	252.25	14633	18037
point	247	9	0	15	11218.07388984494	15118.08030060385	672.0	11258	15262
point	246	9	0	15	7186.996811205029	18382.572691601432	298.0	7251	18301
point	245	9	0	15	11929.157507783384	17275.65044906537	447.99999999999994	11806	17110
point	243	10	3	15	6964.547232741665	19251.417651400912	126.125	7002	19235
point	242	10	0	15	11587.33115945307	11841.501894418125	448.0	11430	11550
point	241	10	0	15	8257.241824393794	19081.286763110755	298.0	8210	19068
point	240	10	3	15	16558.266659547393	29245.90231720532	126.12499999999999	16285	29371
point	239	11	0	15	9665.657480041222	17800.08767689583	672.0	9567	17790
point	238	11	5	15	9955.944625601469	12437.907709335783	31.53125	9935	12403
disappearpoint	237	10	0	15	13092.0	27093.0	0.0	13092	27093
point	264	6	1	15	12779.759042302805	27365.523621775083	298.0	12734	27389
point	235	11	1	15	20899.44435684607	18536.690008586538	132.0	20826	18833
point	234	12	0	15	11968.107421268189	22553.93837278523	672.0	12191	22043
point	233	12	3	15	9635.24649842155	14265.121412837709	126.125	9629	14277
point	269	5	3	15	7712.048359606045	20127.463040469484	126.12499999999999	7855	20096
point	268	5	2	15	14354.132156894613	18891.501680517198	252.25	14203	18956
point	230	12	1	15	11075.931836690896	14471.707210553428	504.5	11090	14578
point	274	4	0	15	15218.614342952465	25884.81730339346	298.0	15057	23925
point	259	7	1	15	15058.400460579645	21253.97101564611	504.5	15013	21236
point	227	13	5	15	12358.592272421163	11489.261853112439	31.531249999999996	12294	11482
point	226	13	2	15	13016.358980342524	11475.668998212957	252.25	13086	11482
point	225	13	4	15	5590.03983942415	19395.464990436307	63.0625	5587	19249
point	267	5	3	15	13697.219993748937	26340.628049341238	126.12499999999999	14444	26046
point	223	14	0	15	10033.86433817572	15864.487977804156	448.0	10028	15851
point	244	10	0	15	12155.91528680406	18858.28325730984	448.0	12116	18902
point	258	7	2	15	11266.273944838416	8958.513839117613	252.25000000000003	11231	9137
point	220	14	1	15	5700.747503185174	14758.118277981866	298.0	5956	14756
point	219	15	0	15	15383.942634455034	13661.543631003788	448.0	15313	13583
point	218	15	0	15	10878.866194258842	25122.89765129407	672.0	10893	25090
point	217	15	0	15	14160.063388888613	11347.717194041648	298.0	14183	11366
point	216	15	0	15	10407.040784558489	19135.773375879675	448.0	10381	19245
point	215	15	0	15	15992.953305570381	19569.26206122633	298.00000000000006	16088	19623
point	214	16	1	15	10341.805998638405	16979.589263786158	504.5	10347	16927
point	213	16	3	15	18399.89256807251	21463.82876958128	126.125	18810	21021
point	273	4	0	15	12807.78580881778	12289.514794623756	298.0	12799	12288
point	211	16	3	15	13503.240256617592	7310.799886336151	126.125	13577	7613
point	210	16	1	15	17944.395428525026	24575.69920420549	132.0	18213	24337
newpoint	285	1	3	15	13078.0	30316.0	126.12500000000001	13048	30260
newpoint	286	1	0	15	7717.0	8359.0	298.0	8080	8640
newpoint	287	1	2	15	12829.0	21156.0	198.0	12819	21153
newpoint	288	1	0	15	11394.0	20029.0	298.0	11386	20099
newpoint	289	1	0	15	16308.0	12961.0	298.0	16322	13019
point	289	2	0	16	16096.94794822293	13072.382063544585	298.0	15984	13211
point	288	2	0	16	11429.963226308817	20248.613915119276	298.0	11384	20341
point	287	2	2	16	12738.619494398972	21312.48108089184	198.0	12736	21320
point	286	2	0	16	7952.645801061906	8541.414518177398	298.0	8080	8640
point	285	2	3	16	13018.903499296479	30204.578093898053	126.125	12964	30100
point	282	3	0	16	12716.940729751577	9358.03216653194	298.0	12661	9703
point	281	3	0	16	17131.92057215207	10995.520132035093	448.0	16900	10942
point	280	3	1	16	16903.609833789906	22362.254824556014	504.5	16892	22350
point	278	4	0	16	12753.203465943168	20065.086598275917	672.0	12517	19916
point	277	4	2	16	15856.079074700583	13216.521766559687	252.25	15706	13223
point	276	4	0	16	7428.754137327852	20215.766843633737	672.0	7401	20260
point	275	4	0	16	12325.0737029925	21746.384823127733	1009.0	12036	21504
point	272	5	2	16	19069.50367985485	9933.93998845239	132.0	19108	10036
point	271	5	0	16	16581.78085579064	22684.545431799586	298.0	16506	22769
point	270	5	0	16	7137.10893956918	19132.33288996313	298.0	7183	19083
point	266	6	0	16	8423.818367572449	9979.9987454752	672.0	8623	10218
point	265	6	1	16	14332.403623183389	26883.089165177513	298.0	14359	26884
point	279	4	1	16	5874.74942769993	19487.646151319943	298.0	5872	19289
point	262	7	1	16	12378.398612226618	15080.212347921752	504.5	12415	14998
disappearpoint	261	6	0	16	15301.0	18562.0	0.0	15301	18562
point	260	7	1	16	11902.642296509146	6376.747090778654	298.0	12259	6767
point	284	3	0	16	11150.181294865039	18331.114003687315	448.0	10965	18126
point	256	8	0	16	9994.060656839158	7009.030328419579	298.0	10214	7119
point	255	8	1	16	14733.021477631617	27153.100959479234	448.0	14733	27153
point	254	9	2	16	13445.94775777579	19564.106928221398	252.25	13395	19543
point	253	9	1	16	13494.562188145612	5337.605346951857	504.5	13461	5489
point	252	9	0	16	16197.310193381994	27229.188576421737	448.0	16667	27010
point	251	9	2	16	15528.284099734881	12150.67732905202	252.25	15644	12105
point	250	9	1	16	4957.845802696355	18419.582781860885	297.99999999999994	4967	18358
point	249	10	0	16	9854.77352806437	6939.386764032185	298.0	9826	6925
point	248	10	2	16	14847.221933848925	17975.093869428274	252.25	14633	18037
point	247	10	0	16	11489.83321748943	15730.049526472027	672.0	11513	15775
point	246	10	0	16	7370.483450871147	18147.761134757184	298.0	7474	18015
point	245	10	0	16	11716.997326170953	16914.662804469153	448.0	11711	16906
point	243	11	3	16	7073.348917641178	19188.375954808736	126.125	7103	19169
point	242	11	0	16	11374.868068605985	11447.087061397839	448.0	11370	11438
disappearpoint	241	10	0	16	8206.0	19139.0	0.0	8206	19139
point	240	11	3	16	16443.587101168825	29298.40102685705	126.12499999999999	16285	29371
point	239	12	0	16	9066.971508130491	17560.34561952153	672.0	9042	17545
point	238	12	5	16	9939.721931313145	12410.869885521908	31.53125	9935	12403
point	283	3	0	16	17222.26653880692	12103.417608110001	672.0	17206	12131
point	264	7	1	16	12609.044174351831	27601.550455781286	298.0	12607	27605
point	235	12	1	16	20867.68738222589	18664.812975157616	132.0	20826	18833
point	234	13	0	16	12238.962658811999	21938.963350371032	672.0	12327	21748
point	233	13	3	16	9586.286787282768	14370.911523313423	126.125	9563	14339
point	269	6	3	16	7835.225168976547	20100.35235515349	126.12499999999999	7855	20096
point	268	6	2	16	14122.09583886214	18990.442057170116	252.25	13853	19105
point	230	13	1	16	11175.660850421396	14965.935345586555	504.49999999999994	11177	14972
point	274	5	0	16	15194.123208235322	25587.825410709054	298.0	15057	23925
point	259	8	1	16	14589.490190020906	21067.907725302724	504.49999999999994	14342	20966
point	227	14	5	16	12327.25842447159	11485.739112810415	31.531249999999996	12294	11482
point	226	14	2	16	13265.33030820189	11514.881819094451	252.25000000000003	13487	11554
point	225	14	4	16	5588.731276891253	19332.41606839677	63.0625	5587	19249
point	267	6	3	16	13814.544056998418	26294.340040012343	126.12499999999999	14444	26046
disappearpoint	223	14	0	16	9770.0	15558.0	0.0	9770	15558
point	244	11	0	16	12186.218578678461	19259.87190504285	672.0	12201	19289
point	258	8	2	16	11161.447465879688	9126.695920871065	252.25	11015	9105
point	220	15	1	16	6016.444452515123	14734.211883395712	448.0	6386	14601
point	219	16	0	16	15493.012158155858	13447.15742901529	298.0	15392	13361
point	218	16	0	16	11140.646909063878	24503.984046868645	672.0	11196	24373
point	217	16	0	16	14376.356994960137	11547.530559296247	298.0	14444	11670
point	216	16	0	16	10358.12497288623	19579.87047200034	448.0	10359	19726
point	215	16	0	16	16251.884220940832	19716.76880682697	298.0	16282	19734
point	214	17	1	16	10247.737869255974	16493.180228222922	448.00000000000006	10189	16288
point	213	17	3	16	18485.591995658848	21371.291621708795	126.125	18810	21021
point	273	5	0	16	12513.951071172796	12239.929797886336	298.0	12392	12218
point	211	17	3	16	13533.146406757069	7433.327996616343	126.125	13577	7613
point	210	17	1	16	18043.064477669854	24488.015575512014	132.0	18213	24337
newpoint	290	1	2	16	8288.0	16738.0	252.25	8366	16816
newpoint	291	1	0	16	17142.0	8600.0	298.0	16461	8183
newpoint	292	1	3	16	17269.0	25176.0	126.12499999999999	17719	24776
newpoint	293	1	2	16	17977.0	11350.0	252.25	17924	11350
newpoint	294	1	1	16	19999.0	15769.0	132.0	19984	15740
point	294	2	1	17	19899.14353865008	15693.877155656986	132.0	19883	15692
point	293	2	2	17	17753.681238748362	11446.360217517544	252.25	17715	11487
point	292	2	3	17	17363.267000318978	25092.207110827578	126.12499999999999	17719	24776
point	291	2	0	17	16887.860486639256	8444.38153146633	298.0	16461	8183
point	290	2	2	17	8278.63050476092	16927.86561539957	252.25	8259	16953
point	286	3	0	17	7997.0932120774305	8748.999279553023	298.0	7883	8899
point	285	3	3	17	12956.126439591702	30101.476292576557	126.12500000000001	12948	30103
point	282	4	0	17	12669.239524502585	9652.18959890072	298.0	12661	9703
point	281	4	0	17	16698.095234316283	10999.687075909635	448.0	16494	11058
point	280	4	1	17	16571.820313239274	21996.450667915637	504.49999999999994	16525	21947
point	278	5	0	17	12348.177065327025	19574.922111286356	672.0	12201	19289
point	277	5	2	17	15605.134057500378	13216.607500458204	252.25	15454	13181
point	276	5	0	17	6930.987678000161	20660.84152381439	672.0	6814	20791
point	275	5	0	17	11527.016976354284	21132.261150924558	1009.0	10364	20772
point	272	6	2	17	19112.504121281356	10058.474172166758	132.0	19205	10520
point	271	6	0	17	16383.029642226782	22906.58568718069	298.0	16262	23042
point	270	6	0	17	7380.578032677389	18964.35163943551	298.0	7429	18924
point	266	7	0	17	8800.170482413352	10533.270548177712	672.0	8892	10679
point	265	7	1	17	14613.872618309191	26790.772257609617	298.0	14698	26760
point	279	5	1	17	5971.198955700067	19294.193662602098	298.0	6063	19299
point	262	8	1	17	12578.855819081151	14617.538244009522	504.50000000000006	12587	14582
point	289	3	0	17	15864.918525843508	13216.140207517547	298.0	15706	13223
point	260	8	1	17	12103.586815169456	6596.804584221563	298.0	12259	6767
point	284	4	0	17	10948.726265924812	17965.80976657006	448.0	10955	17941
point	256	9	0	17	10266.051588648654	7121.253315525916	298.0	10445	7129
point	255	9	1	17	14693.533278317918	26706.846011983234	448.0	14668	26403
point	254	10	2	17	13217.122408390122	19504.585061073252	252.25	13131	19562
point	253	10	1	17	13395.662262610767	5832.266918821038	504.5	13394	5841
point	252	10	0	17	16603.280240099873	27039.735887953393	448.0	16667	27010
point	251	10	2	17	15733.646526619317	12016.524508887465	252.24999999999997	15796	11924
point	250	10	1	17	5032.218679331117	18131.518059053953	298.0	5045	18095
point	249	11	0	17	9588.234225146396	6806.117112573198	298.0	9522	6773
point	248	11	2	17	14603.97588201391	18040.727868365186	252.25	14524	18051
point	247	11	0	17	11767.85036431195	16321.916059480085	672.0	11763	16330
point	246	11	0	17	7758.455353057219	17953.12269822484	672.0	7831	17911
point	245	11	0	17	11764.509129775439	16407.625596467158	672.0	11769	16364
point	243	12	3	17	7164.779168614556	19102.58739373935	126.125	7183	19083
point	242	12	0	17	11430.66812214154	11242.719374849556	298.0	11645	11254
point	288	3	0	17	11578.30597418028	20355.02931221518	298.0	11661	20361
point	240	12	3	17	16328.907542790257	29350.899736508774	126.12499999999999	16285	29371
point	239	13	0	17	8620.379292465825	17523.92520762588	1008.9999999999999	8548	18096
point	238	13	5	17	9923.499237024822	12383.832061708035	31.53125	9659	11943
point	283	4	0	17	16858.0	12598.984719315053	672.0	16858	12703
point	264	8	1	17	12480.11739917008	27869.777242595483	298.0	12451	27936
point	235	13	1	17	20835.93040760571	18792.93594172869	132.0	20826	18833
point	234	14	0	17	12508.48708945691	21323.449780319395	672.0	12549	21230
point	233	14	3	17	9492.713959907189	14288.37439070238	126.12500000000001	9420	14236
point	269	7	3	17	7862.781885272729	19990.41236925618	126.12499999999999	7868	19924
point	268	7	2	17	13890.002084887594	19089.247683862137	252.25	13853	19105
point	230	14	1	17	11339.919800319482	15441.178562020052	504.5	11416	15588
point	274	6	0	17	15169.632073518178	25290.833518024647	298.0	15057	23925
point	259	9	1	17	14123.312113620177	20875.04132159423	504.5	14003	20825
point	227	15	5	17	12295.924576522017	11482.216372508392	31.531249999999996	12294	11482
point	226	15	2	17	13514.056519953729	11556.312523072967	252.25	13604	11564
point	225	15	4	17	5587.422714358358	19269.367146357235	63.0625	5587	19249
point	267	7	3	17	13931.868120247898	26248.052030683448	126.12499999999999	14444	26046
point	287	3	2	17	12653.911380923902	21491.393820048997	198.0	12645	21510
point	244	12	0	17	12485.706052162592	19847.927954491537	672.0	12492	19861
point	258	9	2	17	10911.910528938104	9089.799139655752	252.25	10642	9050
point	220	16	1	17	6441.168345783236	14601.0	448.0	6484	14601
point	219	17	0	17	15412.077510842422	13246.65220000149	298.0	15454	13181
point	218	17	0	17	11407.617890753158	23887.30191110351	672.0	11455	23778
point	217	17	0	17	14521.261550438927	11807.92617522801	298.0	14579	11911
point	216	17	0	17	10361.514011360518	20027.849656473143	448.0	10366	20524
point	215	17	0	17	16495.609638791884	19887.946256922427	298.0	16572	19943
point	214	18	1	17	10114.836322773855	16066.230194063615	447.99999999999994	10090	16000
point	213	18	3	17	18571.291423245188	21278.754473836314	126.125	18810	21021
point	273	6	0	17	12460.402845988849	12057.908232792055	298.0	12533	11888
point	211	18	3	17	13563.052556896548	7555.8561068965355	126.125	13577	7613
point	210	18	1	17	18141.733526814678	24400.331946818533	132.0	18213	24337
newpoint	295	1	0	17	15243.0	16200.0	298.0	15126	16070
newpoint	296	1	3	17	11427.0	16286.0	126.125	11637	16275
newpoint	297	1	1	17	9319.0	23495.0	504.5	9128	23613
newpoint	298	1	0	17	13560.0	15036.0	298.0	13542	15017
newpoint	299	1	0	17	6814.0	20791.0	672.0	6965	20623
point	299	2	0	18	7310.2278125408675	20342.526533168642	672.0	7363	20298
point	298	2	0	18	13353.061931144866	14821.570780170032	298.0	13338	14806
point	297	2	1	18	8878.328395069493	23738.536960309146	504.50000000000006	8833	23758
point	296	2	3	18	11552.952326622019	16279.402497176941	126.125	11637	16275
point	295	2	0	18	15031.277139104472	15991.381324902244	298.0	15010	15974
point	294	3	1	18	19769.288005013586	15707.43329812816	132.0	19728	15742
point	293	3	2	18	17619.868956767063	11320.376818432014	252.24999999999997	17579	11229
point	292	3	3	18	17457.534000637952	25008.41422165515	126.12499999999999	17719	24776
point	291	3	0	18	16633.720973278516	8288.76306293266	298.0	16461	8183
point	290	3	2	18	8429.663781201949	17092.39713426419	252.25	8652	17274
point	286	4	0	18	7816.633206659442	8986.145181909797	298.0	7669	9180
point	285	4	3	18	12831.802190034383	30122.7060613392	126.125	12777	30132
point	282	5	0	18	12468.723921368884	9857.288403521625	298.0	12332	9967
point	281	5	0	18	16431.039662369858	11087.33379366859	132.0	16406	11099
point	280	5	1	18	16161.776816766225	21708.331237483133	504.49999999999994	15926	21601
point	278	6	0	18	12048.5047639808	18989.49904720384	448.0	12136	18972
point	277	6	2	18	15366.93418853238	13138.288469846073	252.25	15348	13129
point	276	6	0	18	6369.462173707135	20997.474546097375	672.0	6050	21093
point	275	6	0	18	10563.199010226977	20833.704743908693	1009.0	10364	20772
point	272	7	2	18	19138.44287404231	10187.900526149268	132.0	19205	10520
point	271	7	0	18	16167.95400149027	22973.443103890106	298.0	16155	22964
point	270	7	0	18	7627.658174863382	19216.086524427843	448.0	7631	19221
point	266	8	0	18	9154.430673070347	11104.247045228689	672.0	9463	11616
point	265	8	1	18	14671.762116113528	26447.769181750988	448.0	14668	26403
point	279	6	1	18	6259.02337519739	19235.436006965865	298.0	6366	19200
point	262	9	1	18	12857.549776566222	14413.23833619061	447.99999999999994	12965	14339
point	289	4	0	18	15618.289872060415	13330.556107077431	298.0	15532	13416
point	260	9	1	18	12299.113394616932	6819.313952792172	298.0	12303	7070
point	284	5	0	18	10326.683979836806	17866.83548399719	672.0	10254	17860
point	256	10	0	18	10562.929061782792	7113.962065947161	298.0	10594	7110
point	255	10	1	18	14675.145226468163	26260.095470636745	448.0	14682	26123
point	254	11	2	18	13002.852288602435	19502.01767117156	252.25000000000003	12869	19463
point	253	11	1	18	13390.01612447014	6336.594115914698	504.5	13389	6463
point	252	11	0	18	16634.17111268294	26903.670881634192	132.0	16487	26427
point	251	11	2	18	15889.310962398948	11822.998204915408	252.25	15894	11818
point	250	11	1	18	5146.813127062745	17856.563169429217	298.0	5168	17808
point	249	12	0	18	9419.210115025906	6970.851115361174	298.0	9402	7024
point	248	12	2	18	14353.736631022424	18072.513422072978	252.25	14247	18086
point	247	12	0	18	11812.241227298064	16820.196261699355	448.0	11816	16870
point	246	12	0	18	8316.460877569543	17752.46060927522	672.0	8450	17784
point	245	12	0	18	12066.67899993258	15820.868535051488	672.0	12104	15728
point	243	13	3	18	7267.431368683702	19030.59432288598	126.125	7299	19011
disappearpoint	242	12	0	18	11661.0	11265.0	0.0	11661	11265
disappearpoint	288	3	0	18	11661.0	20361.0	0.0	11661	20361
point	240	13	3	18	16214.228615972033	29403.39982572196	126.125	15728	29626
point	239	14	0	18	8568.674630482956	18527.870058977285	1009.0	8584	18848
point	238	14	5	18	9907.276542736498	12356.79423789416	31.53125	9659	11943
point	283	5	0	18	16574.10915190842	13194.91046537915	671.9999999999999	16565	13211
point	264	9	1	18	12331.81508285413	28120.987430954894	298.0	12141	28280
point	235	14	1	18	20805.873507281278	18921.462956368345	132.0	20783	19022
point	234	15	0	18	12603.0	20667.41675915283	672.0	12603	20538
point	233	15	3	18	9388.268257560121	14217.937315841915	126.125	9355	14199
point	269	8	3	18	7927.507948792924	19924.0	126.125	7987	19924
point	268	8	2	18	13662.721604941169	19195.747637290067	252.24999999999997	13631	19222
point	230	15	1	18	11571.92417549975	15889.165590030763	504.5	11657	16054
point	274	7	0	18	15145.140938801032	24993.84162534024	298.0	15057	23925
point	259	10	1	18	13654.881168022926	20687.75602883206	504.5	13308	20551
point	227	16	5	18	12264.412627769982	11482.651704234142	31.53125	12067	11487
disappearpoint	226	15	2	18	13604.0	11564.0	0.0	13604	11564
point	225	16	4	18	5544.738098382408	19255.0374145168	63.0625	5517	19259
point	267	8	3	18	14049.192183497378	26201.76402135455	126.12499999999999	14444	26046
point	287	4	2	18	12494.640078356746	21415.915136749543	198.0	12474	21403
point	244	13	0	18	13000.210238408787	20256.946072839542	672.0	13002	20265
point	258	10	2	18	10662.358868183428	9053.001977882275	252.25	10642	9050
point	220	17	1	18	6867.775877114164	14730.881892373638	448.0	7013	14781
disappearpoint	219	17	0	18	15454.0	13181.0	0.0	15454	13181
point	218	18	0	18	11669.174981144253	23268.300670725188	672.0	11906	22694
point	217	18	0	18	14666.00301852288	12068.412677842945	298.0	14773	12262
point	216	18	0	18	10365.564478711683	20475.831345512142	448.0	10366	20524
disappearpoint	215	17	0	18	16572.0	19943.0	0.0	16572	19943
point	214	19	1	18	9907.302031578593	15678.970633470475	448.0	9788	15706
point	213	19	3	18	18656.990850831527	21186.21732596383	126.125	18810	21021
point	273	7	0	18	12542.515917931967	11775.168401663812	298.0	12547	11722
point	211	19	3	18	13609.208774234196	7671.29959439647	126.125	13982	8255
point	210	19	1	18	18189.56192688326	24308.812018377874	132.0	17912	23975
newpoint	300	1	3	18	7618.0	12339.0	126.12500000000001	7422	12174
newpoint	301	1	1	18	19742.0	20623.0	132.0	19624	20314
newpoint	302	1	0	18	13241.0	17815.0	298.0	13245	17967
newpoint	303	1	5	18	8237.0	7743.0	31.53125	8224	7745
newpoint	304	1	0	18	19843.0	22913.0	132.0	19785	22923
point	304	2	0	19	19712.492963742967	22913.366197979834	132.0	19642	22904
point	303	2	5	19	8206.150792284425	7749.378107552877	31.53125	8171	7758
point	302	2	0	19	13054.133685284245	17868.08893828551	448.0	13025	17864
point	301	2	1	19	19694.909060690443	20499.685591130055	132.0	19624	20314
point	300	2	3	19	7521.512810517715	12257.773539466443	126.12500000000001	7422	12174
point	294	4	1	19	19709.898090581722	15816.693463321317	132.0	19747	16143
point	293	4	2	19	17616.838837544696	11082.865605169063	252.25000000000003	17660	10992
point	292	4	3	19	17551.80100095693	24924.62133248273	126.12499999999999	17719	24776
point	291	4	0	19	16367.986487024684	8161.481948490785	298.0	16327	8152
point	290	4	2	19	8625.027332693517	17251.968890062642	252.25	8652	17274
point	286	5	0	19	7755.631269112786	9266.631269112786	672.0	7971	9482
point	285	5	3	19	12707.177808278664	30142.039792273656	126.12499999999999	12624	30154
point	282	6	0	19	12230.815875947355	10036.405190619025	298.0	11536	10513
point	281	6	0	19	16317.41284272196	11043.803386619067	132.0	16276	11018
point	280	6	1	19	15698.083636392626	21509.91896511973	504.5	15382	21382
point	278	7	0	19	12270.760149850423	18658.601651588753	448.0	12292	18433
point	277	7	2	19	15184.416077656308	12977.949252827877	252.25	15121	12878
point	276	7	0	19	5725.362757537088	21188.930108668505	672.0	5703	21195
point	275	7	0	19	9588.479883521131	20640.563765150906	1009.0	9356	20552
point	272	8	2	19	19164.381626803268	10317.326880131777	132.0	19205	10520
point	271	8	0	19	15887.48689040256	22874.89715378186	298.0	15833	22857
point	270	8	0	19	7910.0461745858875	19568.22681881617	672.0	7935	19575
point	266	9	0	19	9501.41525607188	11679.734402119253	672.0	9507	11689
point	265	9	1	19	14682.0	26000.2767572982	448.0	14682	25668
point	279	7	1	19	6542.3461803717055	19143.072801969778	298.0	7248	18915
point	262	10	1	19	13231.710500623773	14167.978048047093	448.0	13297	14116
point	289	5	0	19	15396.537372762577	13529.104920798338	298.0	15313	13583
point	260	10	1	19	12303.744534862406	7117.277963762765	298.0	12313	7705
point	284	6	0	19	9658.08690137574	17799.313589097725	672.0	9567	17790
point	256	11	0	19	10876.539368952628	7394.431373655437	448.0	11042	7561
point	255	11	1	19	14682.0	25812.266733002878	448.0	14682	25668
point	254	12	2	19	12785.213577548497	19536.48831140783	252.25	12757	19573
point	253	12	1	19	13432.291187252751	6838.603092298748	504.50000000000006	13474	7191
point	252	12	0	19	16595.230181349554	26777.545531815496	132.0	16487	26427
point	251	12	2	19	15921.0	11575.678379089793	252.25	15921	11556
point	250	12	1	19	4754.161262476536	17793.43548541797	504.50000000000006	4744	17794
point	249	13	0	19	9328.72311057252	7254.78008854172	298.0	9315	7298
point	248	13	2	19	14103.850719510841	18106.51696369195	252.25	14082	18109
point	247	13	0	19	11721.68863653382	17255.227269323594	448.00000000000006	11717	17349
point	246	13	0	19	8770.723415174642	17579.2781247378	448.0	8834	17418
point	245	13	0	19	12324.496797613952	15200.43764231727	672.0	12350	15144
point	243	14	3	19	7376.641328782797	18967.632226014335	126.125	7429	18924
point	299	3	0	19	7715.358482891492	19809.898440447403	672.0	7778	19721
point	298	3	0	19	13175.301051978655	14586.826075182398	298.0	13134	14500
point	240	14	3	19	16099.550080979061	29455.90077082646	126.125	15728	29626
point	239	15	0	19	8777.988613094236	19508.60987161821	1009.0	8843	19730
point	238	15	5	19	9891.053848448173	12329.756414080288	31.53125	9659	11943
point	283	6	0	19	16309.267403490427	13812.052100016395	672.0	16270	13918
point	264	10	1	19	12116.022364240924	28319.387105197748	298.0	12080	28356
point	235	15	1	19	20770.876140778677	19048.2271240298	132.0	20734	19128
point	234	16	0	19	12746.638667216077	20060.943037102163	672.0	12517	19916
point	233	16	3	19	9280.960370288129	14152.580620777155	126.125	9181	13985
point	269	9	3	19	8052.320166090604	19937.161526003332	126.12500000000001	8121	19951
point	268	9	2	19	13449.235992660135	19228.817134590186	252.25	13437	19159
point	230	16	1	19	11763.36787795327	16332.084641735195	504.50000000000006	11769	16364
point	274	8	0	19	15120.649804083889	24696.84973265583	298.0	15057	23925
point	259	11	1	19	13196.727954955262	20482.490017787248	504.49999999999994	13188	20476
point	227	17	5	19	12232.889023896743	11483.346056742363	31.53125	12067	11487
point	297	3	1	19	8532.056017650119	23597.728335633266	504.5	8536	23561
point	225	17	4	19	5498.153437905887	19229.456740501122	63.0625	5480	19201
point	267	9	3	19	14166.516246746858	26155.476012025654	126.12499999999999	14444	26046
point	287	5	2	19	12386.677336304514	21606.266326276782	252.25	12327	21748
point	244	14	0	19	13522.422399252815	20635.53487395003	672.0	14003	20825
point	258	11	2	19	10620.889539840697	9280.707171740953	252.25	10614	9356
point	220	18	1	19	7288.133433589838	14885.670327996135	448.0	7289	14886
point	296	3	3	19	11678.070287239309	16266.394796959383	126.125	11742	16253
point	218	19	0	19	11927.015224418663	22647.76650627894	672.0	11931	22639
point	217	19	0	19	14809.79915240762	12329.421958872945	298.0	14931	12554
point	216	19	0	19	10368.948064958491	20923.740658727045	448.0	10370	20956
point	295	3	0	19	14789.611926455382	15817.113574764848	298.0	14715	15764
point	214	20	1	19	9495.230089871897	15696.88912029035	448.0	9465	15696
point	213	20	3	19	18742.690278417867	21093.680178091345	126.125	18810	21021
disappearpoint	273	7	0	19	12565.0	11496.0	0.0	12565	11496
point	211	20	3	19	13677.096506149497	7777.595273896608	126.125	13982	8255
point	210	20	1	19	18105.167949045805	24207.314942041798	132.0	17912	23975
newpoint	305	1	1	19	20687.0	19805.0	132.0	20571	19810
newpoint	306	1	0	19	15283.0	15408.0	298.0	15265	15393
newpoint	307	1	0	19	11455.0	23778.0	672.0	11494	23686
newpoint	308	1	2	19	8631.0	13788.0	252.24999999999997	8682	14041
newpoint	309	1	0	19	10887.0	5363.0	298.0	10916	5286
point	309	2	0	20	11062.940197701439	5443.935722699506	298.0	11063	5444
point	308	2	2	20	8680.846151621206	14035.276007062059	252.24999999999997	8682	14041
point	307	2	0	20	11714.590829281957	23158.167238991256	672.0	11906	22694
point	306	2	0	20	15696.211587583803	15057.782152297103	672.0	15733	15033
point	305	2	1	20	20555.17854932845	19811.498874274148	132.0	20476	19819
point	303	3	5	20	8175.527300356457	7756.889530101246	31.53125	8171	7758
point	302	3	0	20	12639.702780246096	18018.875842884467	448.0	12524	18092
point	301	3	1	20	19647.818121380886	20376.371182260114	132.0	19624	20314
point	300	3	3	20	7425.025621035428	12176.547078932887	126.12500000000001	7422	12174
point	294	5	1	20	19724.810748942124	15947.848381721757	132.0	19747	16143
point	293	5	2	20	17767.122514251954	10885.91387062812	252.25	17918	10794
point	292	5	3	20	17646.068001275908	24840.828443310307	126.12499999999999	17719	24776
point	291	5	0	20	16093.778477958254	8216.49671383944	298.0	15951	8317
point	290	5	2	20	8624.709010703946	17489.703780782267	252.24999999999997	8548	18096
point	286	6	0	20	8227.222574813331	9745.087299370918	672.0	8623	10218
point	285	6	3	20	12582.300636698195	30159.733662453997	126.12500000000001	12544	30165
point	282	7	0	20	11985.0713649609	10204.968636597172	298.0	11536	10513
point	281	7	0	20	16182.613475438098	11180.98591550898	298.0	16170	11203
point	280	7	1	20	15230.18198085495	21321.27279234198	504.5	15187	21304
point	278	8	0	20	12302.12110169644	18219.274685351855	448.0	12218	18111
point	277	8	2	20	15049.298452728	12764.947679092	252.25	14972	12649
point	276	8	0	20	5056.7071055366205	21235.945465764104	672.0	4818	21244
point	275	8	0	20	8953.506321018836	19907.068607948313	1009.0	8843	19730
point	272	9	2	20	19190.320379564226	10446.753234114287	132.0	19205	10520
point	271	9	0	20	15663.822637161227	22698.83902125975	298.0	15755	22665
point	270	9	0	20	8573.949332890006	19644.255493919336	672.0	8600	19650
point	266	10	0	20	9846.880838150684	12256.13473025114	672.0	9935	12403
point	265	10	1	20	14682.0	25552.2767572982	448.0	14682	25198
point	279	8	1	20	6825.90334556952	19051.42492111605	298.0	7248	18915
point	262	11	1	20	13596.804987112062	13926.125319586201	298.0	13622	13953
disappearpoint	289	5	0	20	15152.0	13697.0	0.0	15152	13697
point	260	11	1	20	12308.436866434024	7415.2410185605395	298.0	12313	7705
point	284	7	0	20	9060.487859018956	17556.361254145726	672.0	9042	17545
point	256	12	0	20	11188.386782419306	7716.026002365364	448.0	11347	7884
point	255	12	1	20	14682.0	25364.266733002878	448.0	14682	25198
point	254	13	2	20	12676.339155230922	19762.653359472177	252.25	12674	19768
point	253	13	1	20	13509.482719743257	7336.3758032199485	504.5	13577	7613
point	252	13	0	20	16556.289250016165	26651.4201819968	132.0	16487	26427
point	251	13	2	20	16139.435702800403	11492.896497690504	252.25000000000003	16152	11491
point	250	13	1	20	4613.997082320256	17682.109670281607	198.0	4470	17611
point	249	14	0	20	9006.801371476704	7078.770932571336	448.0	8941	7040
point	248	14	2	20	13853.514737230329	18134.0	252.25	13829	18134
point	247	14	0	20	11854.576924212719	17668.915664785352	448.0	12002	17946
point	246	14	0	20	9163.549568290693	17619.695265430033	672.0	9221	17655
point	245	14	0	20	12586.840161896265	14582.69747536175	671.9999999999999	12587	14582
point	243	15	3	20	7461.601123725254	18971.93333537822	126.125	7631	19221
point	299	4	0	20	8279.630416544262	19591.737615927126	672.0	8405	19607
point	298	4	0	20	12987.852277824331	14360.770513193595	298.0	12965	14339
point	240	15	3	20	15984.87154598609	29508.401715930962	126.125	15728	29626
point	239	16	0	20	8342.648059377052	19599.409328967642	672.0	8175	19579
point	238	16	5	20	9874.831154159849	12302.718590266415	31.53125	9659	11943
point	283	7	0	20	16063.056456721113	14437.280547558734	672.0	15937	14751
point	264	11	1	20	11942.926685972243	28561.038832233186	298.0	11840	28715
point	235	16	1	20	20708.888616130975	19164.271998921926	132.0	20671	19219
point	234	17	0	20	12344.62411964789	19568.01977410762	672.0	12201	19289
point	233	17	3	20	9216.349269548244	14044.262010713232	126.125	9181	13985
point	269	10	3	20	8161.633645813802	19934.947639383692	126.12499999999999	8164	19875
point	268	10	2	20	13383.365279850177	18985.974079600473	252.25	13371	18953
point	230	17	1	20	11658.932063054295	16801.067936945707	448.0	11629	16831
point	274	9	0	20	15096.158669366745	24399.857839971424	298.0	15057	23925
point	259	12	1	20	12857.444058391538	20130.638646428833	504.5	12780	20082
point	227	18	5	20	12201.365420023505	11484.040409250583	31.53125	12067	11487
point	297	4	1	20	8579.852241524592	23095.52822964357	504.49999999999994	8605	22797
point	225	18	4	20	5458.686821219223	19180.88195273964	63.0625	5373	19100
point	267	10	3	20	14283.840309996338	26109.188002696756	126.12499999999999	14444	26046
point	287	6	2	20	12251.54869545872	21684.734988632055	252.25	12036	21504
point	244	15	0	20	14146.504868678594	20884.687865733573	672.0	14342	20966
point	258	12	2	20	10626.816824354988	9532.177026303309	252.25	10673	10167
point	220	19	1	20	7701.342947588203	15058.764059058947	448.0	7721	15067
point	296	4	3	20	11783.27449665702	16296.209172238297	126.125	11763	16330
point	218	20	0	20	11950.712003504781	22081.467819414192	672.0	12033	21855
point	217	20	0	20	14984.502983005703	12518.338604041048	448.0	15016	12494
point	216	20	0	20	10353.24347043296	21296.197935165466	298.0	10320	21290
point	295	4	0	20	14328.941321914686	16005.585109945092	672.0	14279	16034
disappearpoint	214	20	1	20	9418.0	15475.0	0.0	9418	15475
point	213	21	3	20	18818.822734953068	20995.414068636102	126.125	18820	20992
point	304	3	0	20	19626.283160359944	22848.281986014907	132.0	19439	22792
point	211	21	3	20	13744.9842380648	7883.890953396746	126.125	13982	8255
point	210	21	1	20	18020.77397120835	24105.81786570572	132.0	17912	23975
newpoint	310	1	0	20	20647.0	9581.0	132.0	20473	9697
newpoint	311	1	1	20	14316.0	19227.0	298.0	14203	18956
newpoint	312	1	1	20	10979.0	28372.0	504.5	10938	28315
newpoint	313	1	1	20	10074.0	21316.0	298.0	10117	21312
newpoint	314	1	1	20	9480.0	10305.0	198.0	9841	10284
